   -0.021083042291    3    1    4    2
    0.000000000000    0    0    0    0
   -0.021083042291    3    1    4    2
    0.000000000000    0    0    0    0
   -0.232625720758    1    1    2    2
   -0.091263629797    1    1    4    4
   -0.158029264426    1    3    2    4
   -0.136946222135    1    3    4    2
   -0.136946222135    3    1    2    4
   -0.158029264426    3    1    4    2
   -0.102196164765    3    3    2    2
   -0.196442244410    3    3    4    4
    0.000000000000    0    0    0    0
   -0.064839737595    1    2    0    0
   -0.024703939182    3    4    0    0
    0.000000000000    0    0    0    0
   -0.064839737595    1    2    0    0
   -0.024703939182    3    4    0    0
    0.000000000000    0    0    0    0
