   -0.004131208046    3    1    4    2
    0.000000000000    0    0    0    0
   -0.004131208046    3    1    4    2
    0.000000000000    0    0    0    0
   -0.006894351161    1    1    2    2
   -0.002623261976    1    1    4    4
   -0.005810327839    1    3    2    4
   -0.001679119793    1    3    4    2
   -0.001679119793    3    1    2    4
   -0.005810327839    3    1    4    2
   -0.006010094256    3    3    2    2
   -0.014410456220    3    3    4    4
    0.000000000000    0    0    0    0
   -0.002004108038    1    2    0    0
   -0.002131923805    3    4    0    0
    0.000000000000    0    0    0    0
   -0.002004108038    1    2    0    0
   -0.002131923805    3    4    0    0
    0.000000000000    0    0    0    0
