    0.122197377532    3    1    4    2
    0.000000000000    0    0    0    0
    0.122197377532    3    1    4    2
    0.000000000000    0    0    0    0
   -0.566819363529    1    1    2    2
   -0.088328899326    1    1    4    4
   -0.247366117843    1    3    2    4
   -0.369563495375    1    3    4    2
   -0.369563495375    3    1    2    4
   -0.247366117843    3    1    4    2
   -0.095111654472    3    3    2    2
   -0.498876115855    3    3    4    4
    0.000000000000    0    0    0    0
   -0.112628132941    1    2    0    0
   -0.056789538421    3    4    0    0
    0.000000000000    0    0    0    0
   -0.112628132941    1    2    0    0
   -0.056789538421    3    4    0    0
    0.000000000000    0    0    0    0
