   -0.012927857298    3    1    4    2
    0.000000000000    0    0    0    0
   -0.012927857298    3    1    4    2
    0.000000000000    0    0    0    0
   -0.021105849784    1    1    2    2
   -0.007684904083    1    1    4    4
   -0.020070326082    1    3    2    4
   -0.007142468783    1    3    4    2
   -0.007142468783    3    1    2    4
   -0.020070326082    3    1    4    2
   -0.013378531381    3    3    2    2
   -0.030499312282    3    3    4    4
    0.000000000000    0    0    0    0
   -0.009039518751    1    2    0    0
   -0.006258791568    3    4    0    0
    0.000000000000    0    0    0    0
   -0.009039518751    1    2    0    0
   -0.006258791568    3    4    0    0
    0.000000000000    0    0    0    0
