    0.012459225230    3    1    4    2
    0.000000000000    0    0    0    0
    0.012459225230    3    1    4    2
    0.000000000000    0    0    0    0
   -0.328331716783    1    1    2    2
   -0.111002497514    1    1    4    4
   -0.195693506405    1    3    2    4
   -0.208152731635    1    3    4    2
   -0.208152731635    3    1    2    4
   -0.195693506405    3    1    4    2
   -0.120109569459    3    3    2    2
   -0.277008371984    3    3    4    4
    0.000000000000    0    0    0    0
   -0.070494934951    1    2    0    0
   -0.041933906178    3    4    0    0
    0.000000000000    0    0    0    0
   -0.070494934951    1    2    0    0
   -0.041933906178    3    4    0    0
    0.000000000000    0    0    0    0
