    0.179662485344    3    1    4    2
    0.000000000000    0    0    0    0
    0.179662485344    3    1    4    2
    0.000000000000    0    0    0    0
   -0.678432861775    1    1    2    2
   -0.059813121863    1    1    4    4
   -0.262311348609    1    3    2    4
   -0.441973833952    1    3    4    2
   -0.441973833952    3    1    2    4
   -0.262311348609    3    1    4    2
   -0.063351390605    3    3    2    2
   -0.616903172445    3    3    4    4
    0.000000000000    0    0    0    0
   -0.113604870237    1    2    0    0
   -0.077172740815    3    4    0    0
    0.000000000000    0    0    0    0
   -0.113604870237    1    2    0    0
   -0.077172740815    3    4    0    0
    0.000000000000    0    0    0    0
