   -0.036401298509    3    1    4    2
    0.000000000000    0    0    0    0
   -0.036401298509    3    1    4    2
    0.000000000000    0    0    0    0
   -0.151748439790    1    1    2    2
   -0.061338088928    1    1    4    4
   -0.115476334246    1    3    2    4
   -0.079075035737    1    3    4    2
   -0.079075035737    3    1    2    4
   -0.115476334246    3    1    4    2
   -0.072407699069    3    3    2    2
   -0.135566565817    3    3    4    4
    0.000000000000    0    0    0    0
   -0.052312347675    1    2    0    0
   -0.018250974660    3    4    0    0
    0.000000000000    0    0    0    0
   -0.052312347675    1    2    0    0
   -0.018250974660    3    4    0    0
    0.000000000000    0    0    0    0
