   -0.007683920203    3    1    4    2
    0.000000000000    0    0    0    0
   -0.007683920203    3    1    4    2
    0.000000000000    0    0    0    0
   -0.011971356333    1    1    2    2
   -0.004495841547    1    1    4    4
   -0.011309135557    1    3    2    4
   -0.003625215354    1    3    4    2
   -0.003625215354    3    1    2    4
   -0.011309135557    3    1    4    2
   -0.008854787778    3    3    2    2
   -0.020784719502    3    3    4    4
    0.000000000000    0    0    0    0
   -0.004533368181    1    2    0    0
   -0.003714892069    3    4    0    0
    0.000000000000    0    0    0    0
   -0.004533368181    1    2    0    0
   -0.003714892069    3    4    0    0
    0.000000000000    0    0    0    0
