   -0.019863571635    3    1    4    2
    0.000000000000    0    0    0    0
   -0.019863571635    3    1    4    2
    0.000000000000    0    0    0    0
   -0.035858294388    1    1    2    2
   -0.012951348665    1    1    4    4
   -0.033093412864    1    3    2    4
   -0.013229841229    1    3    4    2
   -0.013229841229    3    1    2    4
   -0.033093412864    3    1    4    2
   -0.020220936637    3    3    2    2
   -0.044560292533    3    3    4    4
    0.000000000000    0    0    0    0
   -0.016061162214    1    2    0    0
   -0.009621183022    3    4    0    0
    0.000000000000    0    0    0    0
   -0.016061162214    1    2    0    0
   -0.009621183022    3    4    0    0
    0.000000000000    0    0    0    0
