    0.226339856067    3    1    4    2
    0.000000000000    0    0    0    0
    0.226339856067    3    1    4    2
    0.000000000000    0    0    0    0
   -0.769261257202    1    1    2    2
   -0.034656736528    1    1    4    4
   -0.274660394151    1    3    2    4
   -0.501000250219    1    3    4    2
   -0.501000250219    3    1    2    4
   -0.274660394151    3    1    4    2
   -0.036369188075    3    3    2    2
   -0.717114257566    3    3    4    4
    0.000000000000    0    0    0    0
   -0.115484298827    1    2    0    0
   -0.091654857091    3    4    0    0
    0.000000000000    0    0    0    0
   -0.115484298828    1    2    0    0
   -0.091654857091    3    4    0    0
    0.000000000000    0    0    0    0
