   -0.033949674510    3    1    4    2
    0.000000000000    0    0    0    0
   -0.033949674510    3    1    4    2
    0.000000000000    0    0    0    0
   -0.084250132036    1    1    2    2
   -0.032249299452    1    1    4    4
   -0.071125954332    1    3    2    4
   -0.037176279822    1    3    4    2
   -0.037176279822    3    1    2    4
   -0.071125954332    3    1    4    2
   -0.042212257741    3    3    2    2
   -0.085162608351    3    3    4    4
    0.000000000000    0    0    0    0
   -0.034988154469    1    2    0    0
   -0.015464154155    3    4    0    0
    0.000000000000    0    0    0    0
   -0.034988154469    1    2    0    0
   -0.015464154155    3    4    0    0
    0.000000000000    0    0    0    0
