   -0.048645759909    3    1    4    2
    0.000000000000    0    0    0    0
   -0.048645759909    3    1    4    2
    0.000000000000    0    0    0    0
   -0.405541526790    1    1    2    2
   -0.117210411945    1    1    4    4
    0.220418151821    1    3    2    4
    0.269063911729    1    3    4    2
    0.269063911729    3    1    2    4
    0.220418151821    3    1    4    2
   -0.116114800433    3    3    2    2
   -0.360908706637    3    3    4    4
    0.000000000000    0    0    0    0
    0.014433319687    1    2    0    0
   -0.110667137018    3    4    0    0
    0.000000000000    0    0    0    0
    0.014433319687    1    2    0    0
   -0.110667137018    3    4    0    0
    0.000000000000    0    0    0    0
