   -0.001844007713    3    1    4    2
    0.000000000000    0    0    0    0
   -0.001844007713    3    1    4    2
    0.000000000000    0    0    0    0
   -0.004379982258    1    1    2    2
   -0.001539722622    1    1    4    4
   -0.002464063535    1    3    2    4
   -0.000620055822    1    3    4    2
   -0.000620055822    3    1    2    4
   -0.002464063535    3    1    4    2
   -0.004263995588    3    3    2    2
   -0.010274703191    3    3    4    4
    0.000000000000    0    0    0    0
   -0.000724037748    1    2    0    0
   -0.001234834280    3    4    0    0
    0.000000000000    0    0    0    0
   -0.000724037748    1    2    0    0
   -0.001234834280    3    4    0    0
    0.000000000000    0    0    0    0
