   -0.000391190098    3    1    4    2
    0.000000000000    0    0    0    0
   -0.000391190098    3    1    4    2
    0.000000000000    0    0    0    0
   -0.003369350454    1    1    2    2
   -0.000933209491    1    1    4    4
   -0.000442646327    1    3    2    4
   -0.000051456229    1    3    4    2
   -0.000051456229    3    1    2    4
   -0.000442646327    3    1    4    2
   -0.003190269563    3    3    2    2
   -0.007549215320    3    3    4    4
    0.000000000000    0    0    0    0
   -0.000087301388    1    2    0    0
   -0.000765509194    3    4    0    0
    0.000000000000    0    0    0    0
   -0.000087301388    1    2    0    0
   -0.000765509194    3    4    0    0
    0.000000000000    0    0    0    0
